0.0 122.92414855957031
-171.97706604003906 -49.69398880004883
-174.4287872314453 31.635011672973633
-131.73358154296875 -31.90263557434082
-103.84846496582031 14.262212753295898
-138.11741638183594 -41.46664810180664
-96.62686157226562 -2.716113567352295
-131.09580993652344 -21.97869873046875
-83.88114929199219 -89.2113037109375
-50.63725280761719 -23.398509979248047
-79.86174011230469 -41.451473236083984
-110.1275634765625 -59.767398834228516
-62.72355270385742 -73.89961242675781
-88.58279418945312 31.545534133911133
